Sum of REVENUE BALANCE,Column Labels,,,,
Row Labels,Adults (35-64),Seniors (64+),Young Adults (25-34),Youth (<25),Grand Total
Australia,2954408,17921,2528952,1274749,6776030
Canada,2086530,23124,1141607,466035,3717296
France,1276571,5604,1245645,352462,2880282
Germany,1532084,15037,1377591,435283,3359995
United Kingdom,2177544,19792,1581290,635227,4413853
United States,6294445,56687,3511676,1210836,11073644
Grand Total,16321582,138165,11386761,4374592,32221100
